$ANSIBLE_VAULT;1.1;AES256
38353330303930616366356436383430333866396333363435306161653731363935386463353666
6137303932383037313536636466386434393063373430360a323230386238343839313836653366
34373836666233306163666637343632613264646436653933623236323931303738383636373039
3365343438303834350a323734616232383035346232613333623463336662346538373534333436
30366566353664643836373631653763363162306362303131343839373537623536353732656266
33623663356431666136383564346535356533313931333032336134643163383965623839643964
38366465333565373736326666613736363837623161626136646362313930333366386330633232
36643835353236333963373131353162353733323536653666666165366562353462663238396262
36356665666235663337303331383638306635653535623136346464663866656130613061383034
34383832353865366231363535613039303330333438633538623362663630646162666431313536
363035323232623139363664343830313962
